# oST version 5.0 parameters


[image]

width
800

height
600

[narrow_stereo]

camera matrix
855.593696 0.000000 418.085865
0.000000 856.950019 291.659882
0.000000 0.000000 1.000000

distortion
-0.247627 0.136140 0.003732 -0.000028 0.000000

rectification
1.000000 0.000000 0.000000
0.000000 1.000000 0.000000
0.000000 0.000000 1.000000

projection
809.748840 0.000000 419.392614 0.000000
0.000000 829.958069 291.995000 0.000000
0.000000 0.000000 1.000000 0.000000

