# oST version 5.0 parameters


[image]

width
800

height
600

[narrow_stereo]

camera matrix
875.766953 0.000000 411.030807
0.000000 876.728665 305.443492
0.000000 0.000000 1.000000

distortion
-0.232628 0.078789 0.000933 -0.002019 0.000000

rectification
1.000000 0.000000 0.000000
0.000000 1.000000 0.000000
0.000000 0.000000 1.000000

projection
831.409241 0.000000 410.325754 0.000000
0.000000 851.062439 305.566922 0.000000
0.000000 0.000000 1.000000 0.000000

